# Created by Octave 3.8.0, Sun Dec 06 14:37:42 2015 PST <higepon@MacBook-Pro-7>
# name: A
# type: matrix
# rows: 3
# columns: 2
 1 2
 3 4
 5 6


